Results.
		Task "a"
Current array:
[59, 19, 33, 93, 67, 65, 57, 45, 41, 35, 47, 93, 61, 71, 17,
 89, 15, 5, 51, 69, 53, 73, 95, 63, 81, 55, 53, 25, 95, 49,
 39, 91, 59, 31, 19, 63, 97, 7, 99, 19, 41, 1, 47, 11, 77,
 85, 81, 19, 47, 51, 83, 67, 87, 15, 37, 89, 89, 87, 17,
 61, 45, 53, 49, 71, 61, 55, 37, 71, 9, 21, 57, 15, 57,
 23, 29, 47, 77, 79, 75, 63, 23, 73, 65, 27, 55, 39, 5,
  5, 69, 51, 7, 9, 47, 63, 91, 33, 21, 77, 59, 15]
Sorted array:
[1, 5, 5, 5, 7, 7, 9, 9, 11, 15, 15, 15, 15, 17, 17,
 19, 19, 19, 19, 21, 21, 23, 23, 25, 27, 29, 31, 33,
 33, 35, 37, 37, 39, 39, 41, 41, 45, 45, 47, 47, 47,
 47, 47, 49, 49, 51, 51, 51, 53, 53, 53, 55, 55, 55,
 57, 57, 57, 59, 59, 59, 61, 61, 61, 63, 63, 63, 63,
 65, 65, 67, 67, 69, 69, 71, 71, 71, 73, 73, 75, 77,
 77, 77, 79, 81, 81, 83, 85, 87, 87, 89, 89, 89, 91,
 91, 93, 93, 95, 95, 97, 99]
Reverse sorted:
[99, 97, 95, 95, 93, 93, 91, 91, 89, 89, 89, 87, 87, 85, 83,
 81, 81, 79, 77, 77, 77, 75, 73, 73, 71, 71, 71, 69, 69, 67,
 67, 65, 65, 63, 63, 63, 63, 61, 61, 61, 59, 59, 59, 57, 57,
 57, 55, 55, 55, 53, 53, 53, 51, 51, 51, 49, 49, 47, 47, 47,
 47, 47, 45, 45, 41, 41, 39, 39, 37, 37, 35, 33, 33, 31, 29,
 27, 25, 23, 23, 21, 21, 19, 19, 19, 19, 17, 17, 15, 15, 15,
 15, 11, 9, 9, 7, 7, 5, 5, 5, 1]

		Task "b"
[5, 6, 3, 2, 8, 1, 8, 0, 1, 8, 5, 4, 5, 3, 4, 0, 3, 1, 2, 1]
Количество нулей          -> 2
Количество чётных чисел   -> 8
Количество нечётных чисел -> 10

		Task "c"
[25, 90, 13, 54, 40, 93, 94, 36, 73, 4]
Current array to string: 25 90 13 54 40 93 94 36 73 4
Changed array to string: 25 0 13 0 40 0 94 0 73 0

		Task "d"
[-24, -33, -27, -28, -34, -34, -16, 34, 41, 41, -2, -2, -17, -4, -38]
Minimum of this array --> -38
Last index of minimum --> 14
Maximum of this array --> 41
Last index of maximum --> 9

		Task "e"
[10, 4, 1, 1, 6, 10, 0, 4, 10, 7]
[10, 5, 7, 2, 0, 2, 1, 8, 4, 7]
Avarage1 --> 5.3
Avarage2 --> 4.6
Среднее арифметическое первого массива больше, чем второго.


 */