			Task "a"
 20  69  28  88  29  10  91  66
 74  68  77   6  98  74  56  38
 99  17  87  47   5  88  41  46
 51  52  20  11  20   1  57   9
 93  37  62  76  76  14  50  37
 96  82  56  79  83  10  93  21
 80  31  11  13  87  42  51  67
 40  93  44  23  22  15  34  21

Сумма главной диагонали --> 344
Сумма побочной диагонали --> 324
Произведение главной диагонали --> 1059385219200
Произведение побочной диагонали --> 50446915200

		Task "b"
 21  46 -29  31  40
-33  50  31  48 -52
-29 -89 -25 -33  96
 95  70  64  75  11
-46 -34  60   7  96
-55  52  31  88 -15
 79  42  27 -30 -45
 76  88  68  45  86

Maximum --> 96
Indexes --> [2 4] [4 4]


